      时间	    开盘	    最高	    最低	    收盘	         成交量	   MA.MA1   	   MA.MA2   	   MA.MA3   	   MA.MA4   	  VOL.VOLUME	  VOL.MAVOL1	  VOL.MAVOL2	  DMI.PDI   	  DMI.MDI   	  DMI.ADX   	  DMI.ADXR  	 
 2013/09/16	    8.70	    8.70	    8.46	    8.50	       33077842	           	           	           	           	  330778.41	           	           	           	           	           	           	
 2013/09/17	    8.53	    8.56	    8.34	    8.35	       25865574	           	           	           	           	  258655.73	           	           	           	           	           	           	
 2013/09/18	    8.36	    8.50	    8.35	    8.47	       17362624	           	           	           	           	  173626.23	           	           	           	           	           	           	
 2013/09/23	    8.53	    8.80	    8.49	    8.73	       35171316	           	           	           	           	  351713.16	           	           	           	           	           	           	
 2013/09/24	    8.75	    8.94	    8.70	    8.73	       37642880	       8.56	           	           	           	  376428.81	  298240.47	           	           	           	           	           	
 2013/09/25	    8.70	    9.07	    8.61	    8.98	       67826096	       8.65	           	           	           	  678260.94	  367736.97	           	           	           	           	           	
 2013/09/26	    9.01	    9.06	    8.76	    8.76	       46923256	       8.73	           	           	           	  469232.56	  409852.31	           	           	           	           	           	
 2013/09/27	    8.70	    8.80	    8.54	    8.56	       28034804	       8.75	           	           	           	  280348.03	  431196.72	           	           	           	           	           	
 2013/09/30	    8.69	    9.42	    8.63	    9.30	      106439448	       8.87	           	           	           	 1064394.50	  573733.00	           	           	           	           	           	
 2013/10/08	    9.28	    9.63	    9.17	    9.51	      106427304	       9.02	       8.79	           	           	 1064273.00	  711301.81	  504771.16	           	           	           	           	
 2013/10/09	    9.41	    9.48	    9.25	    9.32	       58945416	       9.09	       8.87	           	           	  589454.19	  693540.44	  530638.69	           	           	           	           	
 2013/10/10	    9.30	    9.75	    9.27	    9.40	       76318304	       9.22	       8.98	           	           	  763183.06	  752330.56	  581091.44	           	           	           	           	
 2013/10/11	    9.49	    9.69	    9.34	    9.58	       66489040	       9.42	       9.09	           	           	  664890.38	  829239.00	  630217.88	           	           	           	           	
 2013/10/14	    9.59	    9.63	    9.28	    9.33	       55965632	       9.43	       9.15	           	           	  559656.31	  728291.38	  651012.19	      33.67	       8.06	           	           	
 2013/10/15	    9.36	    9.76	    9.23	    9.71	       69003440	       9.47	       9.24	           	           	  690034.38	  653443.63	  682372.69	      31.96	       6.56	           	           	
 2013/10/16	    9.65	    9.73	    9.08	    9.22	       62318152	       9.45	       9.27	           	           	  623181.50	  660189.13	  676864.75	      25.27	      10.01	           	           	
 2013/10/17	    9.32	    9.38	    9.07	    9.10	       36975688	       9.39	       9.30	           	           	  369756.88	  581503.88	  666917.25	      22.66	       9.31	           	           	
 2013/10/18	    9.12	    9.34	    9.03	    9.29	       26389648	       9.33	       9.38	           	           	  263896.47	  501305.19	  665272.13	      20.25	       9.70	           	           	
 2013/10/21	    9.30	    9.85	    9.30	    9.66	       68158560	       9.40	       9.41	           	           	  681585.63	  525690.88	  626991.13	      33.11	       7.93	      51.48	           	
 2013/10/22	    9.64	    9.83	    9.35	    9.40	       58614628	       9.33	       9.40	       9.09	           	  586146.25	  504913.31	  579178.44	      28.07	       6.73	      54.30	           	
 2013/10/23	    9.45	    9.56	    9.04	    9.10	       42300120	       9.31	       9.38	       9.13	           	  423001.19	  464877.41	  562533.25	      23.58	      15.18	      44.97	           	
 2013/10/24	    9.20	    9.23	    9.08	    9.12	       20034684	       9.31	       9.35	       9.16	           	  200346.84	  430995.19	  506249.56	      22.39	      14.42	      38.31	           	
 2013/10/25	    9.10	    9.21	    8.65	    8.73	       40556160	       9.20	       9.27	       9.18	           	  405561.59	  459328.19	  480316.69	      18.39	      25.57	      32.03	           	
 2013/10/28	    8.75	    8.81	    8.66	    8.73	       18231448	       9.02	       9.21	       9.18	           	  182314.48	  359474.19	  442582.56	      17.42	      24.23	      27.55	      41.44	
 2013/10/29	    8.76	    8.81	    7.92	    8.38	       40448816	       8.81	       9.07	       9.16	           	  404488.16	  323142.59	  414027.94	      12.83	      39.78	      34.32	      39.40	
 2013/10/30	    8.35	    8.49	    8.25	    8.44	       22299368	       8.68	       8.99	       9.13	           	  222993.69	  283140.81	  374009.09	      11.85	      36.76	      39.15	      39.33	
 2013/10/31	    8.61	    8.86	    8.55	    8.61	       39881668	       8.58	       8.95	       9.12	           	  398816.69	  322835.00	  376915.09	      21.98	      31.87	      33.21	      37.58	
 2013/11/01	    8.60	    8.75	    8.50	    8.61	       17603338	       8.55	       8.88	       9.13	           	  176033.38	  276929.19	  368128.69	      20.14	      30.88	      29.74	      35.34	
 2013/11/04	    8.65	    8.89	    8.65	    8.75	       19740772	       8.56	       8.79	       9.10	           	  197407.72	  279947.81	  319711.00	      23.06	      27.87	      23.94	      32.08	
 2013/11/05	    8.68	    8.84	    8.54	    8.82	       16240401	       8.65	       8.73	       9.07	           	  162404.02	  231531.00	  277336.81	      20.57	      28.82	      21.87	      29.17	
 2013/11/06	    8.78	    8.98	    8.70	    8.75	       23927546	       8.71	       8.69	       9.04	           	  239275.45	  234787.59	  258964.20	      23.63	      25.82	      16.89	      25.66	
 2013/11/07	    8.69	    8.72	    8.48	    8.51	       18566612	       8.69	       8.63	       8.99	           	  185666.13	  192157.41	  257496.20	      21.18	      31.59	      17.70	      23.38	
 2013/11/08	    8.60	    8.73	    8.51	    8.55	       17818424	       8.68	       8.61	       8.94	           	  178184.23	  192587.59	  234758.41	      19.71	      28.79	      17.99	      21.84	
 2013/11/11	    8.48	    8.56	    8.32	    8.42	       12589372	       8.61	       8.58	       8.89	           	  125893.72	  178284.80	  229116.30	      17.73	      33.85	      21.78	      21.82	
 2013/11/12	    8.46	    8.55	    8.39	    8.54	       15797605	       8.55	       8.60	       8.84	           	  157976.05	  177399.20	  204465.09	      16.45	      31.42	      24.49	      22.59	
 2013/11/13	    8.62	    8.75	    8.48	    8.49	       22554610	       8.50	       8.61	       8.80	           	  225546.09	  174653.20	  204720.41	      23.52	      27.57	      19.76	      21.78	
 2013/11/14	    8.50	    8.98	    8.50	    8.94	       42101136	       8.59	       8.64	       8.79	           	  421011.38	  221722.20	  206939.80	      28.30	      21.94	      17.73	      20.62	
 2013/11/15	    8.97	    9.27	    8.90	    9.07	       45463324	       8.69	       8.68	       8.78	           	  454633.25	  277012.00	  234799.80	      35.87	      18.62	      21.71	      20.93	
 2013/11/18	    9.25	    9.35	    9.13	    9.26	       49239408	       8.86	       8.74	       8.76	           	  492394.09	  350312.19	  264298.50	      35.02	      16.45	      25.81	      22.32	
 2013/11/19	    9.26	    9.27	    9.07	    9.14	       28216804	       8.98	       8.77	       8.75	           	  282168.03	  375150.59	  276274.91	      31.95	      17.64	      26.68	      23.57	
 2013/11/20	    9.19	    9.54	    9.16	    9.45	       53139316	       9.17	       8.84	       8.77	           	  531393.19	  436320.00	  305486.59	      37.93	      14.67	      31.69	      25.89	
 2013/11/21	    9.42	    9.57	    9.32	    9.39	       37063332	       9.26	       8.93	       8.78	           	  370633.31	  426244.59	  323983.41	      35.12	      13.09	      35.69	      28.69	
 2013/11/22	    9.42	    9.47	    9.10	    9.15	       33999632	       9.28	       8.99	       8.80	           	  339996.31	  403317.19	  340164.59	      29.65	      20.32	      30.83	      29.30	
 2013/11/25	    9.18	    9.75	    9.14	    9.68	       79710328	       9.36	       9.11	       8.85	           	  797103.25	  464258.59	  407285.41	      33.36	      15.67	      32.33	      30.17	
 2013/11/26	    9.61	    9.79	    9.50	    9.67	       54093072	       9.47	       9.22	       8.91	           	  540930.75	  516011.41	  445581.00	      31.18	      13.92	      34.03	      31.27	
 2013/11/27	    9.61	    9.72	    9.49	    9.63	       52069300	       9.50	       9.34	       8.97	           	  520693.00	  513871.19	  475095.59	      28.30	      13.04	      34.85	      32.29	
 2013/11/28	    9.67	    9.82	    9.49	    9.52	       55200448	       9.53	       9.40	       9.02	           	  552004.50	  550145.19	  488194.91	      28.56	      11.30	      37.27	      33.71	
 2013/11/29	    9.52	    9.60	    9.46	    9.54	       29627512	       9.61	       9.44	       9.06	           	  296275.13	  541401.19	  472359.19	      26.82	      11.92	      37.60	      34.83	
 2013/12/02	    9.45	   10.04	    9.35	    9.88	      132113752	       9.65	       9.50	       9.12	           	 1321137.50	  646208.38	  555233.50	      36.34	       8.85	      44.24	      37.52	
 2013/12/03	    9.76	    9.95	    9.61	    9.86	       65360436	       9.69	       9.58	       9.17	           	  653604.38	  668742.81	  592377.13	      31.70	       7.72	      48.99	      40.79	
 2013/12/04	    9.82	   10.13	    9.77	    9.90	       66526868	       9.74	       9.62	       9.23	           	  665268.69	  697658.00	  605764.63	      34.17	       6.67	      54.22	      44.63	
 2013/12/05	    9.97	   10.81	    9.88	   10.40	      124890256	       9.92	       9.72	       9.32	           	 1248902.50	  837038.00	  693591.63	      45.35	       4.76	      61.88	      49.56	
 2013/12/06	   10.33	   10.65	   10.26	   10.34	       80197792	      10.08	       9.84	       9.41	           	  801977.94	  938178.38	  739789.81	      39.82	       4.18	      67.34	      54.64	
 2013/12/09	   10.45	   10.53	   10.23	   10.37	       40338112	      10.17	       9.91	       9.51	           	  403381.13	  754626.81	  700417.63	      35.93	       4.75	      70.01	      59.03	
 2013/12/10	   10.36	   10.60	   10.29	   10.39	       54843004	      10.28	       9.98	       9.60	           	  548430.06	  733592.00	  701167.38	      34.54	       4.25	      72.31	      62.82	
 2013/12/11	   10.30	   10.34	    9.92	   10.05	       62918372	      10.31	      10.03	       9.68	           	  629183.75	  726375.19	  712016.63	      29.21	      15.74	      60.21	      62.08	
 2013/12/12	    9.97	   10.12	    9.93	    9.98	       36558256	      10.23	      10.07	       9.73	           	  365582.56	  549710.81	  693374.38	      27.25	      14.69	      51.56	      59.07	
 2013/12/13	    9.92	   10.14	    9.89	   10.02	       38187140	      10.16	      10.12	       9.78	           	  381871.41	  465689.59	  701934.00	      24.73	      14.81	      44.00	      54.77	
 2013/12/16	   10.06	   10.08	    9.55	    9.55	       49914536	      10.00	      10.09	       9.80	           	  499145.38	  484842.81	  619734.81	      20.16	      23.91	      33.86	      48.79	
 2013/12/17	    9.58	    9.64	    9.44	    9.48	       26296096	       9.82	      10.05	       9.81	       9.22	  262960.97	  427748.81	  580670.38	      18.66	      26.23	      29.00	      43.14	
 2013/12/18	    9.51	    9.68	    9.46	    9.53	       22188508	       9.71	      10.01	       9.82	       9.24	  221885.08	  346289.19	  536332.19	      18.62	      23.96	      24.30	      37.75	
 2013/12/19	    9.57	    9.74	    9.46	    9.47	       27601476	       9.61	       9.92	       9.82	       9.25	  276014.75	  328375.59	  439043.19	      18.94	      21.27	      19.01	      32.40	
 2013/12/20	    9.52	    9.63	    9.39	    9.42	       25851208	       9.49	       9.83	       9.83	       9.27	  258512.08	  303703.59	  384696.59	      17.04	      22.06	      17.25	      28.07	
 2013/12/23	    9.48	    9.54	    9.29	    9.42	       21121084	       9.46	       9.73	       9.82	       9.28	  211210.84	  246116.80	  365479.81	      15.21	      23.99	      18.72	      25.40	
 2013/12/24	    9.48	    9.81	    9.45	    9.76	       42814548	       9.52	       9.67	       9.83	       9.30	  428145.47	  279153.59	  353451.19	      23.96	      20.10	      15.87	      22.68	
 2013/12/25	    9.72	    9.90	    9.67	    9.89	       35711444	       9.59	       9.65	       9.84	       9.31	  357114.44	  306199.19	  326244.19	      25.47	      18.11	      16.16	      20.81	
 2013/12/26	    9.89	    9.93	    9.48	    9.49	       34347928	       9.60	       9.60	       9.84	       9.33	  343479.28	  319692.41	  324034.00	      20.80	      22.52	      12.68	      18.49	
 2013/12/27	    9.45	   10.17	    9.45	   10.08	       63610360	       9.73	       9.61	       9.86	       9.35	  636103.63	  395210.81	  349457.19	      23.97	      16.83	      14.05	      17.22	
 2013/12/30	   10.10	   10.27	   10.04	   10.26	       44480552	       9.90	       9.68	       9.88	       9.37	  444805.53	  441929.59	  344023.19	      25.63	      15.40	      17.16	      17.21	
 2013/12/31	   10.19	   10.33	   10.03	   10.17	       29576858	       9.98	       9.75	       9.90	       9.38	  295768.59	  415454.41	  347304.00	      24.99	      13.65	      20.65	      18.19	
 2014/01/02	   10.16	   10.27	   10.02	   10.19	       28681620	      10.04	       9.81	       9.91	       9.39	  286816.19	  401394.81	  353797.00	      22.53	      12.70	      22.72	      19.48	
 2014/01/03	   10.17	   10.18	    9.92	   10.06	       35205580	      10.15	       9.87	       9.90	       9.40	  352055.81	  403110.00	  361401.19	      20.07	      15.36	      20.03	      19.64	
 2014/01/06	   10.00	   10.01	    9.53	    9.54	       41109068	      10.04	       9.89	       9.86	       9.40	  411090.69	  358107.19	  376659.00	      16.08	      26.92	      21.50	      20.17	
 2014/01/07	    9.50	    9.66	    9.46	    9.62	       25604906	       9.92	       9.91	       9.82	       9.41	  256049.06	  320356.00	  381142.81	      14.80	      27.56	      23.96	      21.25	
 2014/01/08	    9.65	    9.86	    9.56	    9.75	       27254282	       9.83	       9.90	       9.79	       9.41	  272542.81	  315710.81	  365582.59	      21.08	      24.22	      19.10	      20.64	
 2014/01/09	    9.68	   10.03	    9.57	    9.60	       36523624	       9.71	       9.88	       9.76	       9.42	  365236.25	  331394.81	  366394.81	      23.88	      19.95	      16.20	      19.37	
 2014/01/10	    9.55	    9.98	    9.44	    9.85	       39507792	       9.67	       9.91	       9.76	       9.43	  395077.91	  339999.19	  371554.59	      19.28	      20.75	      12.62	      17.44	
 2014/01/13	    9.89	   10.06	    9.62	    9.75	       28223384	       9.71	       9.88	       9.74	       9.44	  282233.84	  314228.41	  336167.81	      19.11	      17.56	      10.22	      15.38	
 2014/01/14	    9.75	    9.80	    9.32	    9.68	       39748760	       9.73	       9.82	       9.75	       9.44	  397487.59	  342516.00	  331436.00	      16.01	      24.84	      13.47	      14.83	
 2014/01/15	    9.65	   10.29	    9.55	   10.26	       75886408	       9.83	       9.83	       9.79	       9.45	  758864.06	  439780.41	  377745.59	      27.24	      19.28	      14.51	      14.74	
 2014/01/16	   10.16	   10.29	   10.07	   10.12	       42871444	       9.93	       9.82	       9.82	       9.47	  428714.44	  452475.59	  391935.19	      25.30	      17.91	      15.25	      14.88	
 2014/01/17	   10.08	   10.37	   10.05	   10.08	       46851964	       9.98	       9.82	       9.85	       9.48	  468519.63	  467164.00	  403581.59	      25.27	      16.00	      17.31	      15.58	
 2014/01/20	   10.04	   10.36	    9.99	   10.29	       57716488	      10.09	       9.90	       9.89	       9.51	  577164.88	  526149.63	  420189.00	      22.12	      16.03	      16.93	      15.96	
 2014/01/21	   10.27	   10.44	   10.19	   10.33	       56844056	      10.22	       9.97	       9.94	       9.54	  568440.56	  560340.00	  451428.00	      22.99	      14.61	      18.46	      16.68	
 2014/01/22	   10.35	   10.53	   10.26	   10.49	       63081220	      10.26	      10.05	       9.98	       9.57	  630812.19	  534729.63	  487255.00	      24.02	      13.15	      21.54	      18.07	
 2014/01/23	   10.45	   10.96	   10.42	   10.84	       95381312	      10.41	      10.17	      10.02	       9.61	  953813.13	  639750.38	  546113.00	      34.40	      10.70	      30.40	      21.59	
 2014/01/24	   10.78	   10.91	   10.73	   10.83	       55726768	      10.56	      10.27	      10.09	       9.65	  557267.69	  657500.00	  562332.00	      32.10	       9.98	      36.73	      25.92	
 2014/01/27	   10.77	   11.05	   10.44	   10.50	       79659872	      10.60	      10.34	      10.11	       9.68	  796598.75	  701386.38	  613768.00	      25.43	      17.78	      31.30	      27.45	
 2014/01/28	   10.53	   10.99	   10.53	   10.65	       64242152	      10.66	      10.44	      10.13	       9.71	  642421.50	  716183.19	  638261.63	      21.33	      14.91	      27.42	      27.44	
 2014/01/29	   10.71	   11.20	   10.51	   11.12	       80742928	      10.79	      10.52	      10.18	       9.75	  807429.25	  751506.38	  643118.00	      23.22	      11.81	      28.89	      27.86	
 2014/01/30	   11.05	   11.18	   10.87	   10.90	       48269928	      10.80	      10.60	      10.21	       9.79	  482699.28	  657283.19	  648516.81	      20.96	      10.66	      29.94	      28.45	
 2014/02/07	   10.69	   11.43	   10.68	   11.31	       70410696	      10.90	      10.73	      10.28	       9.83	  704106.94	  686651.19	  672075.63	      23.60	       8.39	      34.97	      30.32	
 2014/02/10	   11.28	   11.56	   11.28	   11.47	       71268424	      11.09	      10.84	      10.37	       9.88	  712684.25	  669868.81	  685627.63	      25.53	       7.68	      40.33	      33.18	
 2014/02/11	   11.46	   11.58	   11.28	   11.46	       71887032	      11.25	      10.96	      10.46	       9.93	  718870.31	  685157.63	  700670.38	      23.75	       6.96	      44.43	      36.39	
 2014/02/12	   11.43	   11.46	   11.24	   11.37	       46362816	      11.30	      11.04	      10.54	       9.98	  463628.16	  616397.63	  683952.00	      21.99	       7.79	      45.37	      38.96	
 2014/02/13	   11.34	   11.35	   10.85	   10.86	       63166920	      11.29	      11.05	      10.61	      10.02	  631669.19	  646192.00	  651737.63	      18.31	      19.06	      32.98	      37.25	
 2014/02/14	   10.87	   11.08	   10.85	   10.99	       32202892	      11.23	      11.06	      10.66	      10.05	  322028.91	  569776.00	  628213.63	      16.86	      17.56	      24.13	      33.50	
 2014/02/17	   10.99	   11.30	   10.93	   11.25	       40714804	      11.19	      11.14	      10.74	      10.09	  407148.03	  508668.81	  589268.81	      22.30	      15.31	      22.54	      30.37	
 2014/02/18	   11.25	   11.25	   10.95	   10.99	       41139764	      11.09	      11.17	      10.81	      10.12	  411397.63	  447174.41	  566166.00	      19.92	      13.68	      21.41	      27.81	
 2014/02/19	   11.01	   11.63	   11.01	   11.41	       81737096	      11.10	      11.20	      10.86	      10.15	  817370.94	  517923.19	  567160.38	      28.13	      10.84	      27.97	      27.86	
 2014/02/20	   11.35	   11.45	   11.01	   11.03	       57326360	      11.13	      11.21	      10.91	      10.18	  573263.63	  506241.59	  576216.81	      24.14	       9.30	      32.66	      29.23	
 2014/02/21	   11.07	   11.11	   10.70	   10.83	       42982480	      11.10	      11.17	      10.95	      10.21	  429824.81	  527800.81	  548788.38	      20.95	      18.06	      25.44	      28.15	
 2014/02/24	   10.78	   11.02	   10.63	   10.98	       29878332	      11.05	      11.12	      10.98	      10.24	  298783.31	  506128.00	  507398.41	      18.30	      18.05	      18.37	      25.35	
 2014/02/25	   10.93	   11.33	   10.55	   10.69	       57794224	      10.99	      11.04	      11.00	      10.25	  577942.25	  539436.81	  493305.59	      23.15	      13.97	      20.19	      23.88	
 2014/02/26	   10.60	   10.64	   10.29	   10.58	       37616232	      10.82	      10.96	      11.00	      10.27	  376162.31	  451195.19	  484559.19	      20.42	      19.99	      14.72	      21.26	
 2014/02/27	   10.60	   10.86	   10.36	   10.38	       36778144	      10.69	      10.91	      10.98	      10.28	  367781.44	  410098.41	  458170.00	      23.85	      17.08	      15.24	      19.54	
 2014/02/28	   10.58	   10.80	   10.32	   10.75	       38089968	      10.68	      10.89	      10.98	      10.30	  380899.69	  400313.59	  464057.19	      20.54	      15.87	      14.55	      18.12	
 2014/03/03	   10.96	   11.15	   10.82	   10.94	       41146808	      10.67	      10.86	      11.00	      10.32	  411468.09	  422850.41	  464489.19	      28.42	      14.00	      20.11	      18.68	
 2014/03/04	   10.86	   10.88	   10.52	   10.78	       31723390	      10.69	      10.84	      11.00	      10.34	  317233.91	  370709.59	  455073.19	      24.87	      21.17	      16.66	      18.11	
 2014/03/05	   10.85	   11.04	   10.71	   10.79	       27204176	      10.73	      10.78	      10.99	      10.35	  272041.75	  349884.81	  400540.00	      27.27	      19.02	      17.00	      17.79	
 2014/03/06	   10.76	   10.85	   10.45	   10.64	       28075780	      10.78	      10.74	      10.98	      10.37	  280757.81	  332480.81	  371289.59	      23.88	      24.74	      12.65	      16.32	
 2014/03/07	   10.66	   10.69	   10.38	   10.45	       28754056	      10.72	      10.70	      10.93	      10.37	  287540.56	  313808.81	  357061.19	      21.49	      24.52	      10.92	      14.78	
 2014/03/10	   10.51	   10.56	   10.05	   10.19	       36671340	      10.57	      10.62	      10.87	      10.37	  366713.41	  304857.59	  363854.00	      18.05	      30.94	      15.32	      14.93	
 2014/03/11	   10.09	   10.15	    9.78	    9.91	       37188476	      10.40	      10.54	      10.79	      10.36	  371884.75	  315787.19	  343248.41	      15.72	      35.45	      21.95	      16.94	
 2014/03/12	    9.93	   10.02	    9.67	    9.91	       27795164	      10.22	      10.47	      10.72	      10.35	  277951.63	  316969.59	  333427.19	      13.95	      35.00	      27.97	      20.09	
 2014/03/13	    9.95	   10.08	    9.85	    9.94	       34658776	      10.08	      10.43	      10.67	      10.35	  346587.75	  330135.19	  331308.00	      14.91	      32.24	      30.48	      23.06	
 2014/03/14	    9.93	   10.10	    9.88	   10.00	       28513122	       9.99	      10.35	      10.62	      10.35	  285131.22	  329653.59	  321731.19	      14.44	      29.66	      31.63	      25.51	
 2014/03/17	   10.03	   10.19	   10.00	   10.18	       28323488	       9.99	      10.28	      10.57	      10.35	  283234.88	  312958.41	  308908.00	      16.87	      27.47	      29.42	      26.63	
 2014/03/18	   10.20	   10.23	   10.07	   10.10	       23305636	      10.03	      10.21	      10.52	      10.36	  233056.36	  285192.81	  300490.00	      17.42	      25.63	      26.47	      26.58	
 2014/03/19	   10.10	   10.17	    9.92	   10.12	       31144036	      10.07	      10.14	      10.46	      10.37	  311440.38	  291890.41	  304430.00	      15.54	      29.33	      27.69	      26.90	
 2014/03/20	   10.11	   10.19	    9.82	    9.85	       21443356	      10.05	      10.06	      10.40	      10.38	  214433.56	  265459.19	  297797.19	      13.13	      28.97	      30.53	      27.94	
 2014/03/21	    9.76	    9.98	    9.43	    9.94	       31453012	      10.04	      10.01	      10.36	      10.38	  314530.13	  271339.19	  300496.41	      10.37	      37.80	      38.08	      30.84	
 2014/03/24	    9.86	    9.94	    9.66	    9.76	       31366312	       9.95	       9.97	      10.30	      10.39	  313663.13	  277424.81	  295191.59	       9.23	      33.64	      43.47	      34.45	
 2014/03/25	    9.69	    9.74	    9.45	    9.61	       41247156	       9.86	       9.94	      10.24	      10.39	  412471.56	  313308.00	  299250.41	       8.09	      37.84	      49.56	      38.77	
 2014/03/26	    9.60	    9.85	    9.56	    9.69	       27075960	       9.77	       9.92	      10.20	      10.39	  270759.59	  305171.19	  298530.81	      11.59	      33.40	      49.25	      41.76	
 2014/03/27	    9.69	    9.74	    9.48	    9.51	       21417228	       9.70	       9.88	      10.15	      10.39	  214172.28	  305119.19	  285289.19	      10.34	      33.11	      50.16	      44.16	
 2014/03/28	    9.50	    9.60	    9.18	    9.21	       24209584	       9.56	       9.80	      10.08	      10.38	  242095.84	  290632.00	  280985.59	       8.60	      39.55	      54.19	      47.03	
 2014/03/31	    9.19	    9.25	    8.89	    9.07	       28918766	       9.42	       9.69	       9.98	      10.36	  289187.66	  285736.81	  281580.81	       7.38	      45.39	      59.29	      50.53	
 2014/04/01	    9.05	    9.24	    9.01	    9.21	       15079085	       9.34	       9.60	       9.90	      10.35	  150790.84	  233400.80	  273354.41	       6.67	      41.08	      62.93	      54.07	
 2014/04/02	    9.22	    9.23	    9.01	    9.11	       19871132	       9.22	       9.50	       9.82	      10.33	  198711.31	  218992.00	  262081.59	       6.04	      37.18	      65.54	      57.35	
 2014/04/03	    9.12	    9.24	    9.05	    9.15	       16242957	       9.15	       9.43	       9.75	      10.31	  162429.56	  208643.20	  256881.20	       5.97	      33.96	      66.84	      60.06	
 2014/04/04	    9.10	    9.25	    9.10	    9.25	       14601193	       9.16	       9.36	       9.69	      10.30	  146011.94	  189426.41	  240029.20	       6.02	      31.49	      67.13	      62.08	
 2014/04/08	    9.21	    9.38	    9.16	    9.31	       24468580	       9.21	       9.31	       9.64	      10.29	  244685.80	  180526.41	  233131.59	      11.86	      28.03	      59.54	      61.35	
 2014/04/09	    9.37	    9.43	    9.32	    9.40	       22146268	       9.24	       9.29	       9.62	      10.29	  221462.69	  194660.00	  214030.41	      13.79	      26.21	      51.40	      58.51	
 2014/04/10	    9.44	    9.46	    9.33	    9.43	       24567012	       9.31	       9.27	       9.59	      10.28	  245670.13	  204052.00	  211522.00	      14.48	      24.25	      43.92	      54.34	
 2014/04/11	    9.40	    9.40	    9.14	    9.19	       29211272	       9.32	       9.23	       9.55	      10.28	  292112.72	  229988.80	  219316.00	      12.14	      30.92	      43.83	      51.34	
 2014/04/14	    9.14	    9.29	    9.09	    9.26	       20394824	       9.32	       9.24	       9.52	      10.27	  203948.23	  241576.00	  215501.20	      10.76	      30.24	      44.88	      49.49	
 2014/04/15	    9.23	    9.25	    9.05	    9.07	       21916372	       9.27	       9.24	       9.46	      10.26	  219163.72	  236471.20	  208498.80	       9.46	      28.88	      46.54	      48.65	
 2014/04/16	    9.06	    9.25	    9.06	    9.20	       15347435	       9.23	       9.24	       9.42	      10.25	  153474.34	  222874.41	  208767.20	       8.39	      25.64	      47.72	      48.38	
 2014/04/17	    9.25	    9.33	    9.19	    9.24	       18402142	       9.19	       9.25	       9.37	      10.23	  184021.42	  210544.00	  207298.00	      12.64	      23.40	      42.61	      46.74	
 2014/04/18	    8.97	    8.97	    8.76	    8.82	       59526776	       9.12	       9.22	       9.32	      10.21	  595267.75	  271175.19	  250582.00	       9.40	      40.38	      48.22	      47.16	
 2014/04/21	    8.76	    8.89	    8.68	    8.77	       21081800	       9.02	       9.17	       9.26	      10.19	  210818.00	  272548.81	  257062.41	       8.32	      40.12	      53.19	      48.88	
 2014/04/22	    8.71	    8.86	    8.62	    8.74	       19233596	       8.95	       9.11	       9.21	      10.16	  192335.95	  267183.19	  251827.20	       7.23	      38.13	      57.46	      51.33	
 2014/04/23	    8.74	    8.92	    8.72	    8.89	       18417252	       8.89	       9.06	       9.18	      10.14	  184172.52	  273323.19	  248098.80	       9.78	      33.86	      56.80	      52.90	
 2014/04/24	    8.89	    8.89	    8.63	    8.66	       15075245	       8.78	       8.98	       9.12	      10.11	  150752.45	  266669.59	  238606.80	       8.37	      33.97	      57.84	      54.31	
 2014/04/25	    8.67	    8.76	    8.42	    8.43	       17388976	       8.70	       8.91	       9.07	      10.07	  173889.77	  182393.59	  226784.41	       6.88	      38.93	      61.30	      56.31	
 2014/04/28	    8.41	    8.42	    8.05	    8.07	       21345504	       8.56	       8.79	       9.01	      10.02	  213455.05	  182921.59	  227735.20	       5.59	      49.86	      66.60	      59.25	
 2014/04/29	    8.07	    8.21	    8.05	    8.20	       14394396	       8.45	       8.70	       8.97	       9.98	  143943.95	  173243.20	  220213.20	       5.13	      45.70	      70.38	      62.43	
 2014/04/30	    8.00	    8.03	    7.69	    7.99	       43203372	       8.27	       8.58	       8.91	       9.94	  432033.72	  222814.41	  248068.80	       3.92	      51.54	      74.80	      65.96	
 2014/05/05	    7.93	    8.10	    7.87	    8.08	       17551882	       8.15	       8.47	       8.86	       9.89	  175518.81	  227768.00	  247218.80	       6.81	      45.93	      74.62	      68.44	
 2014/05/06	    8.07	    8.15	    8.00	    8.07	       12767763	       8.08	       8.39	       8.80	       9.84	  127677.63	  218525.59	  200459.59	       8.82	      42.46	      72.05	      69.47	
 2014/05/07	    8.03	    8.12	    7.89	    7.91	       14739919	       8.05	       8.30	       8.74	       9.78	  147399.19	  205314.41	  194118.00	       7.77	      43.09	      71.30	      69.99	
 2014/05/08	    7.88	    8.08	    7.83	    7.85	       15656213	       7.98	       8.22	       8.66	       9.72	  156562.13	  207838.41	  190540.80	       6.77	      40.63	      71.34	      70.38	
 2014/05/09	    7.85	    7.91	    7.65	    7.71	       16721591	       7.92	       8.10	       8.58	       9.66	  167215.91	  154875.20	  188844.80	       5.86	      44.46	      72.87	      71.09	
 2014/05/12	    7.81	    7.94	    7.77	    7.93	       20655324	       7.89	       8.02	       8.50	       9.60	  206553.23	  161081.59	  194424.80	       6.73	      39.11	      72.23	      71.42	
 2014/05/13	    7.93	    8.04	    7.88	    8.02	       18088194	       7.88	       7.98	       8.45	       9.56	  180881.94	  171723.20	  195124.41	      11.64	      35.67	      66.11	      69.90	
 2014/05/14	    8.01	    8.08	    7.97	    7.99	       11203621	       7.90	       7.97	       8.38	       9.51	  112036.21	  164650.41	  184982.41	      13.26	      33.34	      59.53	      66.94	
 2014/05/15	    7.99	    8.08	    7.96	    8.01	       18357062	       7.93	       7.96	       8.33	       9.45	  183570.63	  170051.20	  188944.80	      12.25	      31.44	      55.07	      63.55	
 2014/05/16	    8.03	    8.05	    7.81	    7.94	       10234530	       7.98	       7.95	       8.27	       9.40	  102345.30	  157077.59	  155976.41	      10.42	      36.07	      55.10	      61.13	
 2014/05/19	    7.90	    7.93	    7.75	    7.84	        9674933	       7.96	       7.93	       8.20	       9.34	   96749.33	  135116.80	  148099.20	       9.17	      35.53	      56.21	      59.73	
 2014/05/20	    7.89	    8.08	    7.83	    8.01	       19249920	       7.96	       7.92	       8.16	       9.29	  192499.20	  137440.00	  154581.59	      17.00	      30.06	      48.08	      56.40	
 2014/05/21	    7.96	    8.08	    7.93	    8.05	       18916092	       7.97	       7.94	       8.12	       9.25	  189160.92	  152864.80	  158757.59	      15.36	      27.16	      42.27	      52.36	
 2014/05/22	    8.06	    8.12	    8.00	    8.02	       18094362	       7.97	       7.95	       8.08	       9.20	  180943.63	  152340.00	  161195.59	      16.83	      24.95	      35.74	      47.61	
 2014/05/23	    8.01	    8.36	    7.97	    8.30	       34392448	       8.04	       8.01	       8.05	       9.16	  343924.47	  200655.20	  178866.41	      27.31	      19.10	      30.59	      42.75	
 2014/05/26	    8.32	    8.32	    8.18	    8.25	       24131824	       8.13	       8.04	       8.03	       9.12	  241318.23	  229569.59	  182343.20	      24.89	      17.41	      26.91	      38.22	
 2014/05/27	    8.22	    8.42	    8.20	    8.29	       24339946	       8.18	       8.07	       8.03	       9.08	  243399.45	  239748.80	  188594.41	      27.74	      15.00	      27.74	      35.23	
 2014/05/28	    8.32	    8.71	    8.26	    8.60	       52378032	       8.29	       8.13	       8.05	       9.05	  523780.31	  306672.81	  229768.80	      36.77	      11.31	      34.94	      35.15	
 2014/06/17	    8.80	    9.38	    8.70	    8.98	       95734840	       8.48	       8.23	       8.09	       9.01	  957348.38	  461954.41	  307147.19	      52.97	       7.58	      46.38	      38.36	
 2014/06/18	    8.90	    8.96	    8.62	    8.66	       39880256	       8.56	       8.30	       8.13	       8.98	  398802.56	  472929.59	  336792.41	      45.06	       9.77	      51.52	      42.12	
 2014/06/19	    8.67	    8.89	    8.38	    8.50	       28156396	       8.61	       8.37	       8.15	       8.94	  281563.97	  480978.41	  355274.00	      36.22	      17.09	      47.05	      43.53	
 2014/06/20	    8.51	    8.60	    8.38	    8.56	       15943332	       8.66	       8.42	       8.17	       8.91	  159433.31	  464186.41	  351967.59	      32.99	      15.57	      43.86	      43.62	
 2014/06/23	    8.58	    8.74	    8.51	    8.59	       22830360	       8.66	       8.48	       8.21	       8.88	  228303.59	  405090.41	  355881.59	      35.69	      14.06	      43.76	      43.66	
 2014/06/24	    8.53	    8.78	    8.49	    8.71	       20816512	       8.60	       8.54	       8.25	       8.85	  208165.13	  255253.59	  358604.00	      32.99	      12.32	      44.29	      43.84	
 2014/06/25	    8.76	    8.87	    8.59	    8.76	       24970838	       8.62	       8.59	       8.30	       8.83	  249708.38	  225434.41	  349182.00	      32.89	      10.83	      46.05	      44.47	
 2014/06/26	    8.74	    8.96	    8.72	    8.89	       26499700	       8.70	       8.65	       8.35	       8.81	  264997.00	  222121.59	  351550.00	      33.38	       9.67	      48.63	      45.66	
 2014/06/27	    8.84	    8.97	    8.81	    8.90	       17849700	       8.77	       8.72	       8.39	       8.80	  178497.00	  225933.59	  345060.00	      31.32	       8.94	      50.62	      47.08	
 2014/06/30	    8.89	    8.99	    8.82	    8.91	       18878776	       8.83	       8.75	       8.44	       8.78	  188787.77	  218032.00	  311561.19	      29.65	       8.17	      52.38	      48.59	
 2014/07/01	    8.95	    8.96	    8.78	    8.88	       24959354	       8.87	       8.74	       8.48	       8.76	  249593.55	  226316.80	  240785.20	      26.85	       9.50	      51.06	      49.30	
 2014/07/02	    8.87	    8.88	    8.66	    8.78	       23711474	       8.87	       8.75	       8.52	       8.74	  237114.73	  223798.41	  224616.41	      23.70	      14.79	      43.09	      47.52	
 2014/07/03	    8.73	    8.88	    8.73	    8.81	       16272091	       8.86	       8.78	       8.57	       8.71	  162720.91	  203342.41	  212732.00	      21.70	      13.54	      37.40	      44.63	
 2014/07/04	    8.74	    8.75	    8.56	    8.58	       20447768	       8.79	       8.78	       8.60	       8.69	  204477.69	  208539.20	  217236.41	      18.66	      21.15	      28.50	      40.02	
 2014/07/07	    8.53	    8.62	    8.40	    8.45	       22409952	       8.70	       8.77	       8.62	       8.67	  224099.52	  215600.00	  216816.00	      16.34	      27.56	      27.66	      36.49	
 2014/07/08	    8.44	    8.64	    8.42	    8.61	       19660198	       8.65	       8.76	       8.65	       8.65	  196601.98	  205003.20	  215660.00	      15.43	      24.11	      26.02	      33.50	
 2014/07/09	    8.62	    8.62	    8.41	    8.43	       17898548	       8.58	       8.72	       8.66	       8.63	  178985.48	  193377.59	  208588.00	      13.56	      21.76	      25.22	      31.13	
 2014/07/10	    8.42	    8.56	    8.38	    8.40	       12193342	       8.49	       8.68	       8.66	       8.61	  121933.42	  185220.80	  194281.59	      12.11	      21.21	      25.82	      29.62	
 2014/07/11	    8.42	    8.56	    8.42	    8.53	       16947044	       8.48	       8.64	       8.68	       8.59	  169470.44	  178217.59	  193378.41	      10.91	      19.11	      26.25	      28.65	
 2014/07/14	    8.55	    8.61	    8.44	    8.60	       25741128	       8.51	       8.61	       8.68	       8.58	  257411.28	  184881.59	  200240.80	      12.91	      17.04	      22.69	      26.95	
 2014/07/15	    8.60	    9.08	    8.57	    8.92	       59326916	       8.58	       8.61	       8.67	       8.58	  593269.19	  264212.81	  234608.00	      34.52	      12.39	      29.68	      27.73	
 2014/07/16	    8.86	    8.89	    8.72	    8.79	       22230616	       8.65	       8.61	       8.68	       8.57	  222306.16	  272878.41	  233128.00	      30.73	      11.03	      34.68	      29.72	
 2014/07/17	    8.86	    9.02	    8.79	    8.91	       32287436	       8.75	       8.62	       8.70	       8.57	  322874.38	  313065.59	  249143.20	      34.01	       9.63	      40.73	      32.86	
 2014/07/18	    8.85	    8.97	    8.80	    8.82	       19869784	       8.81	       8.65	       8.71	       8.56	  198697.84	  318912.00	  248564.80	      30.68	       8.69	      45.05	      36.35	
 2014/07/21	    8.75	    8.85	    8.66	    8.72	       13833785	       8.83	       8.67	       8.72	       8.55	  138337.84	  295096.00	  239988.80	      27.24	      15.97	      39.63	      37.28	
 2014/07/22	    8.75	    8.92	    8.70	    8.81	       19805732	       8.81	       8.69	       8.73	       8.55	  198057.31	  216056.00	  240134.41	      27.84	      13.89	      37.86	      37.45	
 2014/07/23	    8.87	    8.90	    8.70	    8.76	       17581952	       8.80	       8.73	       8.73	       8.53	  175819.52	  206756.80	  239817.59	      24.49	      12.22	      36.59	      37.20	
 2014/07/24	    8.76	    8.88	    8.65	    8.87	       21000204	       8.80	       8.77	       8.72	       8.53	  210002.05	  184182.41	  248624.00	      21.12	      13.53	      32.40	      35.83	
 2014/07/25	    8.88	    8.98	    8.82	    8.95	       22495614	       8.82	       8.81	       8.73	       8.52	  224956.14	  189435.20	  254173.59	      25.24	      12.19	      33.10	      35.05	
 2014/07/28	    9.01	    9.17	    8.97	    9.08	       41229660	       8.89	       8.86	       8.74	       8.52	  412296.59	  244227.20	  269661.59	      33.57	      10.53	      38.58	      36.06	
 2014/07/29	    9.10	    9.20	    9.01	    9.03	       30217210	       8.94	       8.87	       8.74	       8.52	  302172.09	  265048.00	  240552.00	      31.44	       9.27	      43.12	      38.07	
 2014/07/30	    9.05	    9.16	    8.91	    9.15	       33718048	       9.02	       8.91	       8.76	       8.52	  337180.47	  297321.59	  252039.20	      26.61	      13.99	      39.68	      38.53	
 2014/07/31	    9.15	    9.28	    9.12	    9.16	       26387302	       9.07	       8.93	       8.78	       8.52	  263873.03	  308096.00	  246139.20	      31.54	      12.56	      40.64	      39.13	
 2014/08/01	    9.10	    9.16	    8.94	    8.96	       31523440	       9.08	       8.95	       8.80	       8.52	  315234.41	  326150.41	  257792.80	      27.15	      22.20	      31.89	      37.07	
 2014/08/04	    8.95	    9.14	    8.94	    9.11	       26299448	       9.08	       8.99	       8.83	       8.52	  262994.47	  296291.19	  270259.19	      23.69	      19.37	      25.65	      33.80	
 2014/08/05	    9.11	    9.24	    9.01	    9.20	       34585408	       9.12	       9.03	       8.86	       8.53	  345854.09	  305027.19	  285037.59	      26.55	      16.57	      24.93	      31.27	
 2014/08/06	    9.18	    9.75	    9.13	    9.65	       83153808	       9.22	       9.12	       8.92	       8.54	  831538.06	  403899.19	  350610.41	      43.83	      11.43	      34.56	      32.21	
 2014/08/07	    9.67	    9.68	    9.43	    9.49	       57413080	       9.28	       9.18	       8.98	       8.56	  574130.81	  465950.41	  387023.19	      38.30	       9.99	      41.44	      34.85	
 2014/08/08	    9.49	    9.63	    9.45	    9.51	       30015270	       9.39	       9.23	       9.02	       8.58	  300152.69	  462934.41	  394542.41	      34.67	       9.04	      46.35	      38.13	
 2014/08/11	    9.50	    9.68	    9.46	    9.60	       41190088	       9.49	       9.29	       9.07	       8.60	  411900.88	  492715.19	  394503.19	      33.26	       7.98	      50.63	      41.70	
 2014/08/12	    9.56	    9.78	    9.54	    9.62	       43524176	       9.57	       9.35	       9.11	       8.63	  435241.75	  510593.59	  407810.41	      34.35	       6.94	      55.12	      45.54	
 2014/08/13	    9.56	    9.64	    9.36	    9.47	       33097008	       9.54	       9.38	       9.14	       8.65	  330970.09	  410478.41	  407188.81	      29.26	      15.44	      48.20	      46.30	
 2014/08/14	    9.48	    9.60	    9.40	    9.46	       25661476	       9.53	       9.41	       9.17	       8.67	  256614.77	  346976.00	  406463.19	      26.07	      13.76	      43.26	      45.43	
 2014/08/15	    9.46	    9.66	    9.40	    9.54	       38894256	       9.54	       9.47	       9.21	       8.70	  388942.56	  364734.41	  413834.41	      25.65	      11.83	      41.43	      44.29	
 2014/08/18	    9.64	    9.75	    9.54	    9.68	       42566224	       9.55	       9.52	       9.26	       8.73	  425662.25	  367486.41	  430100.81	      27.64	      10.46	      42.48	      43.77	
 2014/08/19	    9.71	   10.17	    9.68	    9.98	       85575168	       9.63	       9.60	       9.31	       8.76	  855751.69	  451588.81	  481091.19	      41.43	       7.98	      49.69	      45.46	
 2014/08/20	    9.93	   10.25	    9.92	   10.07	       52273972	       9.75	       9.64	       9.38	       8.80	  522739.72	  489942.41	  450210.41	      38.76	       6.73	      55.60	      48.36	
 2014/08/21	   10.16	   10.37	   10.09	   10.21	       50963048	       9.90	       9.71	       9.45	       8.84	  509630.47	  540545.63	  443760.81	      38.93	       5.79	      60.89	      51.94	
 2014/08/22	   10.20	   10.20	   10.04	   10.11	       30703260	      10.01	       9.77	       9.50	       8.87	  307032.59	  524163.19	  444448.81	      35.66	       7.78	      61.83	      54.77	
 2014/08/25	   10.11	   10.34	    9.90	    9.91	       38757632	      10.06	       9.80	       9.55	       8.91	  387576.31	  516545.59	  442016.00	      28.50	       6.21	      62.51	      56.98	
 2014/08/26	    9.89	   10.09	    9.87	    9.92	       31105324	      10.04	       9.83	       9.59	       8.94	  311053.25	  407606.41	  429597.59	      25.54	       6.98	      60.95	      58.11	
 2014/08/27	    9.91	   10.39	    9.91	   10.27	       48156264	      10.08	       9.92	       9.65	       8.98	  481562.63	  399371.19	  444656.81	      33.20	       5.54	      63.94	      59.78	
 2014/08/28	   10.27	   10.44	   10.13	   10.29	       41221304	      10.10	      10.00	       9.70	       9.02	  412213.03	  379888.00	  460216.81	      30.91	       4.80	      66.56	      61.72	
 2014/08/29	   10.29	   10.59	   10.28	   10.54	       51340084	      10.19	      10.10	       9.78	       9.06	  513400.84	  421161.59	  472662.41	      33.25	       4.16	      69.77	      64.02	
 2014/09/01	   10.44	   10.58	   10.34	   10.45	       53408256	      10.29	      10.18	       9.85	       9.10	  534082.56	  450462.41	  483504.00	      29.70	       3.71	      72.06	      66.31	
 2014/09/02	   10.48	   10.64	   10.35	   10.55	       50641428	      10.42	      10.23	       9.92	       9.14	  506414.28	  489534.41	  448570.41	      28.54	       3.23	      74.23	      68.58	
 2014/09/03	   10.55	   10.66	   10.38	   10.41	       46845016	      10.45	      10.27	       9.95	       9.18	  468450.16	  486912.00	  443141.59	      25.84	       2.82	      75.96	      70.69	
 2014/09/04	   10.41	   10.60	   10.36	   10.57	       47075740	      10.50	      10.30	      10.01	       9.22	  470757.41	  498620.81	  439254.41	      22.97	       3.43	      75.40	      72.03	
 2014/09/05	   10.59	   10.66	   10.46	   10.57	       36609384	      10.51	      10.35	      10.06	       9.25	  366093.84	  469160.00	  445160.81	      23.65	       3.10	      75.80	      73.11	
 2014/09/09	   10.59	   10.60	   10.34	   10.41	       42419912	      10.50	      10.40	      10.10	       9.28	  424199.13	  447182.41	  448822.41	      20.66	       8.54	      66.00	      71.08	
 2014/09/10	   10.39	   10.39	   10.17	   10.29	       40445272	      10.45	      10.44	      10.14	       9.31	  404452.72	  426790.41	  458162.41	      18.22	      15.92	      49.06	      64.79	
 2014/09/11	   10.30	   10.97	   10.23	   10.77	       84056336	      10.52	      10.49	      10.20	       9.34	  840563.38	  501212.81	  494062.41	      36.06	      11.20	      50.08	      60.58	
 2014/09/12	   10.66	   10.74	   10.55	   10.72	       37953200	      10.55	      10.53	      10.26	       9.38	  379532.00	  482968.00	  490794.41	      32.73	      10.17	      50.80	      57.79	
 2014/09/15	   10.66	   10.84	   10.65	   10.70	       29580362	      10.58	      10.54	      10.32	       9.41	  295803.63	  468908.81	  469034.41	      34.41	       9.31	      52.69	      56.33	
 2014/09/16	   10.70	   10.89	   10.15	   10.22	       56827172	      10.54	      10.52	      10.35	       9.44	  568271.75	  497724.81	  472453.59	      24.96	      25.31	      37.84	      51.05	
 2014/09/17	   10.29	   10.36	   10.10	   10.26	       30665758	      10.53	      10.49	      10.36	       9.47	  306657.59	  478166.41	  452478.41	      22.46	      24.70	      28.39	      44.57	
 2014/09/18	   10.40	   10.44	   10.18	   10.24	       32885850	      10.43	      10.48	      10.37	       9.49	  328858.50	  375825.59	  438519.19	      23.32	      22.14	      21.01	      37.84	
 2014/09/19	   10.19	   10.32	   10.17	   10.25	       37618128	      10.33	      10.44	      10.37	       9.51	  376181.28	  375155.19	  429061.59	      21.81	      21.14	      15.46	      31.45	
 2014/09/22	   10.24	   10.24	    9.86	    9.88	       42329172	      10.17	      10.37	      10.36	       9.53	  423291.72	  400652.81	  434780.81	      18.27	      30.61	      18.25	      27.67	
 2014/09/23	    9.90	   10.08	    9.89	   10.01	       24473364	      10.13	      10.33	      10.37	       9.55	  244733.64	  335945.59	  416835.19	      16.67	      27.93	      20.24	      25.55	
 2014/09/24	   10.02	   10.25	    9.96	   10.24	       32547116	      10.12	      10.33	      10.38	       9.57	  325471.16	  339707.19	  408936.81	      22.03	      24.36	      15.89	      22.79	
 2014/09/25	   10.31	   10.41	   10.18	   10.22	       38026144	      10.12	      10.27	      10.38	       9.60	  380261.44	  349987.19	  362906.41	      27.01	      21.81	      14.40	      20.39	
 2014/09/26	   10.21	   10.27	   10.06	   10.26	       28764972	      10.12	      10.23	      10.38	       9.62	  287649.72	  332280.00	  353717.59	      24.33	      25.32	      10.85	      17.67	
 2014/09/29	   10.26	   10.44	   10.25	   10.32	       40936624	      10.21	      10.19	      10.37	       9.65	  409366.25	  329496.00	  365074.41	      30.45	      22.94	      11.77	      15.98	
 2014/09/30	   10.38	   10.62	   10.33	   10.53	       50686656	      10.31	      10.22	      10.37	       9.68	  506866.56	  381923.19	  358934.41	      34.77	      19.59	      16.39	      16.10	
 2014/10/08	   10.59	   11.04	   10.55	   10.94	       71231984	      10.45	      10.29	      10.39	       9.72	  712319.81	  459292.81	  399500.00	      45.37	      15.22	      25.92	      18.91	
 2014/10/09	   10.91	   11.02	   10.69	   10.85	       47500376	      10.58	      10.35	      10.41	       9.76	  475003.75	  478241.59	  414114.41	      38.90	      13.05	      32.73	      22.86	
 2014/10/10	   10.81	   10.97	   10.65	   10.72	       39667384	      10.67	      10.40	      10.42	       9.80	  396673.84	  500046.41	  416163.19	      33.55	      12.97	      36.01	      26.62	
 2014/10/13	   10.70	   10.70	   10.46	   10.65	       33484530	      10.74	      10.47	      10.42	       9.84	  334845.31	  485142.41	  407319.19	      29.71	      19.84	      31.42	      27.99	
 2014/10/14	   10.60	   11.06	   10.60	   10.80	       62824024	      10.79	      10.55	      10.44	       9.87	  628240.25	  509416.00	  445669.59	      38.90	      16.09	      34.29	      29.79	
 2014/10/15	   10.82	   11.10	   10.71	   11.09	       66450404	      10.82	      10.64	      10.48	       9.91	  664504.06	  499852.81	  479572.81	      34.42	      13.58	      36.90	      31.82	
 2014/10/16	   10.98	   11.17	   10.69	   10.70	       55057352	      10.79	      10.69	      10.48	       9.94	  550573.50	  514968.00	  496604.81	      30.82	      11.11	      39.79	      34.10	
 2014/10/17	   10.70	   10.78	   10.36	   10.64	       38050564	      10.78	      10.72	      10.48	       9.97	  380505.63	  511734.41	  505890.41	      26.05	      21.56	      31.11	      33.24	
 2014/10/20	   10.68	   10.94	   10.61	   10.92	       31898100	      10.83	      10.78	      10.49	      10.01	  318981.00	  508560.00	  496851.19	      28.81	      18.91	      28.15	      31.79	
 2014/10/21	   10.86	   11.10	   10.78	   10.79	       36367640	      10.83	      10.81	      10.52	      10.04	  363676.41	  455648.00	  482532.00	      31.38	      16.62	      28.90	      30.96	
 2014/10/22	   10.74	   10.87	   10.48	   10.56	       31835170	      10.72	      10.77	      10.53	      10.07	  318351.69	  386417.59	  443135.19	      26.81	      25.39	      21.42	      28.24	
 2014/10/23	   10.53	   10.60	   10.16	   10.25	       28745908	      10.63	      10.71	      10.53	      10.09	  287459.09	  333793.59	  424380.81	      22.54	      32.93	      20.65	      26.07	
 2014/10/24	   10.30	   10.45	   10.25	   10.33	       19310252	      10.57	      10.67	      10.53	      10.12	  193102.52	  296313.59	  404024.00	      20.80	      30.39	      20.10	      24.36	
 2014/10/27	   10.31	   10.46	   10.25	   10.30	       16707376	      10.45	      10.64	      10.56	      10.14	  167073.77	  265932.81	  387246.41	      19.43	      27.79	      19.41	      22.95	
 2014/10/28	   10.36	   10.76	   10.31	   10.68	       40666360	      10.42	      10.63	      10.59	      10.17	  406663.59	  274529.59	  365088.81	      27.56	      22.86	      16.53	      21.12	
 2014/10/29	   10.75	   11.13	   10.72	   10.95	       70563480	      10.50	      10.61	      10.63	      10.20	  705634.81	  351987.19	  369202.41	      36.69	      19.04	      20.85	      21.04	
 2014/10/30	   10.90	   11.10	   10.83	   11.04	       63054464	      10.66	      10.65	      10.67	      10.23	  630544.63	  420604.81	  377199.19	      32.89	      17.07	      23.94	      21.87	
 2014/10/31	   11.07	   11.47	   11.07	   11.13	       96361128	      10.82	      10.69	      10.71	      10.26	  963611.25	  574705.63	  435509.59	      41.39	      14.34	      30.97	      24.47	
 2014/11/03	   11.26	   11.35	   11.05	   11.12	       48560004	      10.98	      10.71	      10.75	      10.30	  485600.03	  638411.19	  452172.00	      36.67	      13.47	      35.34	      27.58	
 2014/11/04	   11.13	   11.48	   10.88	   11.41	       83566728	      11.13	      10.78	      10.79	      10.34	  835667.25	  724212.81	  499371.19	      29.03	      16.56	      33.06	      29.14	
 2014/11/05	   11.41	   11.61	   11.24	   11.42	       70252256	      11.22	      10.86	      10.82	      10.37	  702522.56	  723588.81	  537788.00	      29.82	      14.42	      33.55	      30.40	
 2014/11/06	   11.38	   11.50	   11.26	   11.41	       36211572	      11.30	      10.98	      10.85	      10.40	  362115.72	  669902.38	  545253.63	      27.19	      13.15	      33.91	      31.40	
 2014/11/07	   11.42	   11.51	   11.08	   11.11	       47780368	      11.29	      11.06	      10.87	      10.43	  477803.69	  572742.38	  573724.00	      23.00	      17.58	      28.04	      30.44	
 2014/11/10	   11.14	   11.30	   11.07	   11.22	       30156756	      11.31	      11.15	      10.89	      10.46	  301567.56	  535936.00	  587173.63	      21.00	      16.43	      23.52	      28.46	
 2014/11/11	   11.25	   11.27	   10.74	   10.92	       52699784	      11.22	      11.17	      10.90	      10.48	  526997.81	  474201.59	  599207.19	      17.06	      25.03	      22.20	      26.67	
 2014/11/12	   10.88	   11.12	   10.84	   11.04	       24589986	      11.14	      11.18	      10.90	      10.51	  245899.86	  382876.81	  553232.81	      15.31	      22.46	      21.27	      25.13	
 2014/11/13	   11.06	   11.09	   10.83	   10.98	       27392196	      11.05	      11.18	      10.91	      10.53	  273921.97	  365238.41	  517570.41	      13.79	      20.62	      20.86	      23.91	
 2014/11/14	   10.94	   12.00	   10.87	   11.79	      103458040	      11.19	      11.24	      10.97	      10.57	 1034580.38	  476593.59	  524668.00	      35.94	      13.77	      27.64	      24.97	
 2014/11/17	   11.69	   12.26	   11.57	   11.95	       99904808	      11.34	      11.32	      11.02	      10.61	  999048.06	  616089.63	  576012.81	      36.27	      11.16	      34.87	      27.80	
 2014/11/18	   11.88	   12.09	   11.82	   11.90	       44257576	      11.53	      11.37	      11.08	      10.65	  442575.75	  599204.81	  536703.19	      33.41	      10.28	      40.03	      31.29	
 2014/11/19	   11.90	   13.00	   11.83	   12.64	      138188640	      11.85	      11.50	      11.18	      10.69	 1381886.38	  826403.19	  604640.00	      45.96	       7.38	      49.26	      36.43	
 2014/11/20	   12.50	   12.75	   12.37	   12.54	       69964944	      12.16	      11.61	      11.29	      10.73	  699649.44	  911548.81	  638393.63	      41.55	       6.67	      55.85	      41.98	
 2014/11/21	   12.54	   12.70	   12.31	   12.63	       68688112	      12.33	      11.76	      11.41	      10.77	  686881.13	  842008.00	  659300.81	      37.32	       7.56	      58.84	      46.80	
 2014/11/24	   12.80	   12.95	   12.41	   12.75	      117702512	      12.49	      11.91	      11.53	      10.82	 1177025.13	  877603.19	  746846.38	      38.58	       6.50	      62.36	      51.24	
 2014/11/25	   12.75	   12.85	   12.50	   12.70	       80450040	      12.65	      12.09	      11.63	      10.86	  804500.38	  949988.81	  774596.81	      34.92	       5.88	      64.88	      55.14	
 2014/11/26	   12.78	   13.18	   12.49	   12.61	       94224280	      12.65	      12.25	      11.72	      10.91	  942242.81	  862059.19	  844231.19	      37.21	       4.84	      68.34	      58.91	
 2014/11/27	   12.55	   12.66	   12.10	   12.35	       88304144	      12.61	      12.39	      11.78	      10.94	  883041.44	  898737.63	  905143.19	      31.91	      14.07	      59.90	      59.19	
 2014/11/28	   12.22	   12.58	   12.15	   12.44	       70646744	      12.57	      12.45	      11.85	      10.98	  706467.44	  902656.00	  872332.00	      28.33	      12.49	      53.87	      57.67	
 2014/12/01	   12.41	   12.42	   11.96	   12.04	       69435632	      12.43	      12.46	      11.89	      11.00	  694356.31	  806121.63	  841862.38	      24.76	      15.91	      44.70	      53.96	
 2014/12/02	   12.04	   12.46	   12.00	   12.38	       68669160	      12.36	      12.51	      11.94	      11.04	  686691.63	  782560.00	  866274.38	      22.79	      13.96	      38.79	      49.63	
 2014/12/03	   12.42	   13.08	   12.11	   13.00	      123002040	      12.44	      12.54	      12.02	      11.08	 1230020.38	  840115.19	  851087.19	      32.23	      10.76	      41.98	      47.44	
 2014/12/04	   13.05	   13.19	   12.76	   13.07	       95583776	      12.59	      12.60	      12.10	      11.12	  955837.75	  854675.19	  876706.38	      31.53	       9.63	      45.19	      46.80	
 2014/12/05	   13.06	   13.07	   12.21	   12.54	       92308736	      12.61	      12.59	      12.17	      11.15	  923087.38	  897998.38	  900327.19	      25.38	      20.23	      35.51	      43.57	
 2014/12/08	   12.50	   13.50	   12.27	   13.10	      114520712	      12.82	      12.62	      12.27	      11.20	 1145207.13	  988169.63	  897145.63	      27.71	      15.30	      33.61	      40.72	
 2014/12/09	   13.00	   13.40	   12.28	   12.35	      114628168	      12.81	      12.59	      12.34	      11.23	 1146281.63	 1080086.38	  931323.19	      22.07	      12.18	      32.25	      38.30	
 2014/12/10	   12.34	   12.74	   12.27	   12.63	       58091768	      12.74	      12.59	      12.42	      11.27	  580917.69	  950267.19	  895191.19	      20.08	      11.28	      31.06	      36.23	
 2014/12/11	   12.51	   12.97	   12.34	   12.93	       82104848	      12.71	      12.65	      12.52	      11.30	  821048.50	  923308.81	  888992.00	      22.09	       9.90	      33.06	      35.33	
 2014/12/12	   12.91	   13.94	   12.89	   13.77	      148391584	      12.96	      12.78	      12.62	      11.35	 1483915.88	 1035473.63	  966736.00	      35.44	       8.02	      41.64	      37.13	
 2014/12/15	   13.77	   14.02	   13.44	   13.87	       95578368	      13.11	      12.96	      12.71	      11.41	  955783.69	  997588.81	  992879.19	      33.10	       7.16	      48.16	      40.28	
 2014/12/16	   13.84	   13.85	   13.46	   13.60	       63839904	      13.36	      13.09	      12.80	      11.46	  638399.06	  896012.81	  988049.63	      30.42	       6.58	      52.81	      43.86	
 2014/12/17	   13.51	   13.98	   13.15	   13.41	       84073248	      13.52	      13.13	      12.84	      11.52	  840732.50	  947974.38	  949120.81	      25.58	      11.47	      48.60	      45.22	
 2014/12/18	   13.85	   14.28	   13.62	   13.68	       97509904	      13.67	      13.19	      12.89	      11.57	  975099.06	  978785.63	  951047.19	      27.02	       9.62	      48.29	      46.09	
 2014/12/19	   13.60	   13.96	   13.08	   13.41	       79561672	      13.59	      13.27	      12.93	      11.63	  795616.75	  841126.38	  938300.00	      22.74	      17.82	      37.96	      43.77	
 2014/12/22	   13.35	   13.35	   12.08	   12.09	      104820016	      13.24	      13.17	      12.90	      11.66	 1048200.19	  859609.63	  928599.19	      17.82	      30.24	      34.50	      41.12	
 2014/12/23	   12.09	   12.36	   11.72	   11.79	       71816816	      12.88	      13.12	      12.85	      11.69	  718168.19	  875563.19	  885788.00	      15.90	      33.03	      34.64	      39.27	
 2014/12/24	   11.83	   12.28	   11.72	   12.20	       55248568	      12.63	      13.07	      12.83	      11.72	  552485.69	  817915.19	  882944.81	      14.35	      29.80	      34.74	      37.97	
 2014/12/25	   12.20	   12.27	   11.99	   12.22	       48060300	      12.34	      13.00	      12.83	      11.76	  480603.00	  719014.38	  848900.00	      13.58	      28.21	      34.81	      37.07	
 2014/12/26	   12.27	   12.37	   12.03	   12.28	       60640736	      12.12	      12.86	      12.82	      11.79	  606407.38	  681172.81	  761149.63	      14.69	      26.25	      32.94	      35.89	
 2014/12/29	   12.40	   12.72	   12.10	   12.19	       70589680	      12.14	      12.69	      12.83	      11.82	  705896.81	  612712.00	  736160.81	      20.02	      22.90	      25.44	      32.90	
 2014/12/30	   12.21	   12.25	   11.27	   11.32	       92264992	      12.04	      12.46	      12.77	      11.84	  922649.94	  653608.00	  764585.63	      16.24	      34.57	      28.48	      31.64	
 2014/12/31	   11.35	   11.76	   11.06	   11.68	       61139084	      11.94	      12.29	      12.71	      11.85	  611390.81	  665388.81	  741652.00	      14.05	      33.95	      32.19	      31.80	
 2015/01/05	   11.69	   12.19	   11.48	   12.04	       66826680	      11.90	      12.12	      12.66	      11.87	  668266.81	  702921.63	  710968.00	      20.39	      29.33	      28.13	      30.75	
 2015/01/06	   11.87	   12.24	   11.70	   12.09	       58965724	      11.86	      11.99	      12.63	      11.89	  589657.25	  699572.81	  690372.81	      19.20	      26.20	      24.50	      28.97	
 2015/01/07	   12.06	   12.06	   11.56	   11.77	       56775320	      11.78	      11.96	      12.57	      11.91	  567753.19	  671942.38	  642327.19	      17.13	      26.22	      23.50	      27.40	
 2015/01/08	   11.78	   12.03	   11.62	   11.90	       59129260	      11.90	      11.97	      12.54	      11.93	  591292.63	  605672.00	  629640.00	      15.62	      23.92	      22.78	      26.08	
 2015/01/09	   11.98	   12.35	   11.80	   11.83	       76694088	      11.93	      11.93	      12.50	      11.94	  766940.88	  636782.38	  651085.63	      20.72	      21.06	      16.50	      23.35	
 2015/01/12	   11.69	   11.78	   11.42	   11.61	       47665848	      11.84	      11.87	      12.44	      11.96	  476658.47	  598460.81	  650691.19	      18.78	      27.74	      17.29	      21.62	
 2015/01/13	   11.65	   12.33	   11.52	   12.13	       98172144	      11.85	      11.86	      12.36	      11.98	  981721.44	  676873.63	  688223.19	      27.40	      22.87	      14.92	      19.70	
 2015/01/14	   12.14	   12.64	   11.97	   12.34	       93712688	      11.96	      11.87	      12.28	      12.00	  937126.88	  750748.81	  711345.63	      30.11	      19.59	      16.70	      18.85	
 2015/01/15	   12.37	   12.66	   12.25	   12.43	       62919160	      12.07	      11.98	      12.22	      12.03	  629191.63	  758329.63	  682000.81	      27.79	      17.79	      18.19	      18.66	
 2015/01/16	   12.50	   13.22	   12.47	   12.95	      104421832	      12.29	      12.11	      12.20	      12.07	 1044218.31	  813782.38	  725282.38	      35.10	      14.77	      24.64	      20.37	
 2015/01/19	   12.50	   13.11	   11.78	   12.26	       97026064	      12.42	      12.13	      12.13	      12.10	  970260.63	  912505.63	  755483.19	      26.40	      23.97	      18.98	      19.97	
 2015/01/20	   12.45	   13.49	   12.31	   13.49	      259436480	      12.69	      12.27	      12.13	      12.16	 2594364.75	 1235030.38	  955952.00	      27.34	      18.96	      18.73	      19.61	
 2015/01/21	   13.54	   13.84	   13.36	   13.83	      207289312	      12.99	      12.48	      12.22	      12.22	 2072893.13	 1462185.63	 1106467.25	      31.26	      17.33	      21.57	      20.17	
 2015/01/22	   13.66	   13.85	   13.47	   13.72	      115736800	      13.25	      12.66	      12.31	      12.27	 1157368.00	 1567820.75	 1163075.25	      29.18	      16.06	      23.69	      21.18	
 2015/01/23	   13.95	   14.35	   13.35	   13.43	      131386976	      13.35	      12.82	      12.38	      12.31	 1313869.75	 1621753.63	 1217768.00	      32.95	      13.15	      29.19	      23.47	
 2015/01/26	   13.53	   14.67	   13.52	   14.36	      165717216	      13.77	      13.09	      12.48	      12.36	 1657172.13	 1759132.75	 1335819.25	      31.48	      10.44	      35.19	      26.82	
 2015/01/27	   14.35	   14.88	   14.02	   14.54	      146352640	      13.98	      13.34	      12.60	      12.42	 1463526.38	 1532966.38	 1383998.38	      30.48	       8.96	      40.72	      30.79	
 2015/01/28	   14.36	   14.55	   13.85	   13.92	      106663584	      13.99	      13.49	      12.68	      12.47	 1066635.88	 1331715.25	 1396950.38	      26.90	      10.76	      41.33	      33.80	
 2015/01/29	   13.75	   14.29	   13.70	   14.03	       71008304	      14.06	      13.65	      12.82	      12.51	  710083.06	 1242256.00	 1405038.38	      24.15	      12.26	      38.85	      35.24	
 2015/01/30	   14.12	   14.27	   13.29	   13.32	       92792128	      14.03	      13.69	      12.90	      12.54	  927921.25	 1165065.63	 1393409.63	      20.19	      17.11	      30.10	      33.77	
 2015/02/02	   13.00	   13.57	   12.90	   13.41	       53909156	      13.84	      13.81	      12.97	      12.58	  539091.56	  941449.63	 1350291.25	      17.87	      21.82	      24.34	      31.08	
 2015/02/03	   13.55	   14.06	   13.41	   13.79	       77853760	      13.69	      13.84	      13.05	      12.62	  778537.63	  804454.38	 1168710.38	      24.41	      19.34	      20.70	      28.11	
 2015/02/04	   13.79	   14.18	   13.66	   13.81	       69932920	      13.67	      13.83	      13.16	      12.66	  699329.19	  730992.00	 1031353.63	      24.29	      17.51	      19.42	      25.63	
 2015/02/05	   13.93	   15.03	   13.70	   14.19	      181044480	      13.70	      13.88	      13.27	      12.72	 1810444.75	  951065.63	 1096660.75	      32.96	      13.67	      25.69	      25.65	
 2015/02/06	   14.30	   14.42	   13.68	   13.83	       80140992	      13.81	      13.92	      13.37	      12.76	  801409.94	  925763.19	 1045414.38	      28.90	      12.32	      29.84	      26.85	
 2015/02/09	   13.77	   14.44	   13.77	   13.97	       67200096	      13.92	      13.88	      13.49	      12.81	  672000.94	  952345.63	  946897.63	      25.94	      10.92	      32.96	      28.59	
 2015/02/10	   13.90	   14.67	   13.81	   14.65	       90709632	      14.09	      13.89	      13.61	      12.86	  907096.31	  978057.63	  891256.00	      26.06	       9.34	      37.04	      31.01	
 2015/02/11	   14.67	   14.95	   14.41	   14.70	       85554352	      14.27	      13.97	      13.73	      12.91	  855543.50	 1009299.19	  870145.63	      28.50	       8.45	      41.96	      34.14	
 2015/02/12	   14.72	   15.24	   14.64	   14.84	       90291448	      14.40	      14.05	      13.85	      12.96	  902914.50	  827792.00	  889428.81	      30.65	       7.54	      47.26	      37.89	
 2015/02/13	   14.85	   15.18	   14.70	   14.79	       79835416	      14.59	      14.20	      13.94	      12.99	  798354.19	  827180.81	  876472.00	      27.87	       6.85	      51.05	      41.65	
 2015/02/16	   14.85	   15.45	   14.73	   15.42	      112803976	      14.88	      14.40	      14.10	      13.04	 1128039.75	  918390.38	  935368.00	      29.18	       5.92	      55.40	      45.58	
 2015/02/17	   15.38	   15.50	   15.06	   15.08	       74182872	      14.97	      14.53	      14.18	      13.08	  741828.75	  885334.38	  931696.00	      27.62	       5.40	      58.79	      49.35	
 2015/02/25	   15.02	   15.12	   14.42	   14.61	       76624768	      14.95	      14.61	      14.22	      13.11	  766247.69	  867478.38	  938388.81	      23.80	      17.31	      46.50	      48.54	
 2015/02/26	   14.60	   14.83	   14.53	   14.81	       49997832	      14.94	      14.67	      14.27	      13.15	  499978.31	  786889.63	  807340.81	      22.27	      16.20	      37.73	      45.45	
 2015/02/27	   14.76	   15.25	   14.74	   15.08	       69467144	      15.00	      14.79	      14.36	      13.19	  694671.44	  766153.63	  796667.19	      28.98	      14.39	      36.56	      42.91	
 2015/03/02	   15.13	   15.40	   15.06	   15.21	       71675680	      14.96	      14.92	      14.40	      13.24	  716756.81	  683897.63	  801144.00	      30.17	      13.25	      37.25	      41.29	
 2015/03/03	   14.99	   14.99	   14.54	   14.62	      102017704	      14.87	      14.92	      14.40	      13.27	 1020177.06	  739568.00	  812451.19	      25.58	      23.06	      28.08	      37.52	
 2015/03/04	   14.57	   14.85	   14.49	   14.70	       57162280	      14.88	      14.92	      14.44	      13.32	  571622.81	  700640.00	  784059.19	      23.37	      22.27	      20.75	      32.73	
 2015/03/05	   14.65	   14.66	   14.06	   14.29	       80663256	      14.78	      14.86	      14.46	      13.35	  806632.56	  761974.38	  774432.00	      19.85	      29.02	      20.18	      29.14	
 2015/03/06	   14.30	   14.40	   14.00	   14.08	       50528664	      14.58	      14.79	      14.49	      13.37	  505286.63	  724096.00	  745124.81	      17.91	      27.65	      20.52	      26.68	
 2015/03/09	   14.13	   14.34	   13.81	   14.33	       47962724	      14.40	      14.68	      14.54	      13.39	  479627.25	  676668.81	  680283.19	      15.58	      28.72	      23.13	      25.67	
 2015/03/10	   14.33	   14.55	   14.27	   14.33	       44655400	      14.35	      14.61	      14.57	      13.42	  446554.00	  561942.38	  650755.19	      19.95	      26.61	      20.61	      24.22	
 2015/03/11	   14.34	   14.53	   14.10	   14.18	       40071368	      14.24	      14.56	      14.59	      13.44	  400713.69	  527763.19	  614201.63	      17.65	      28.10	      21.25	      23.37	
 2015/03/12	   14.30	   14.40	   14.12	   14.20	       43735720	      14.22	      14.50	      14.59	      13.47	  437357.19	  453907.19	  607940.81	      16.24	      25.86	      21.70	      22.90	
 2015/03/13	   14.22	   14.46	   14.18	   14.44	       45365424	      14.30	      14.44	      14.62	      13.50	  453654.25	  443580.81	  583838.38	      16.68	      23.68	      20.46	      22.20	
 2015/03/16	   14.64	   15.12	   14.50	   15.02	      103014320	      14.43	      14.42	      14.67	      13.53	 1030143.19	  553683.19	  615176.00	      32.02	      19.16	      21.79	      22.08	
 2015/03/17	   15.10	   15.45	   14.93	   15.25	      116171736	      14.62	      14.48	      14.70	      13.56	 1161717.38	  696716.81	  629329.63	      36.56	      16.40	      26.44	      23.33	
 2015/03/18	   15.20	   15.65	   15.10	   15.50	      104771744	      14.88	      14.56	      14.74	      13.58	 1047717.44	  826118.38	  676940.81	      36.53	      13.95	      31.67	      25.71	
 2015/03/19	   15.92	   16.28	   15.50	   15.64	      132105064	      15.17	      14.70	      14.78	      13.62	 1321050.63	 1002854.38	  728380.81	      45.23	      11.20	      39.85	      29.75	
 2015/03/20	   15.55	   16.15	   15.38	   15.73	      100209080	      15.43	      14.86	      14.83	      13.66	 1002090.81	 1112544.00	  778062.38	      36.95	      12.00	      43.02	      33.54	
 2015/03/23	   15.73	   16.65	   15.73	   16.47	      138407616	      15.72	      15.08	      14.88	      13.70	 1384076.13	 1183331.25	  868507.19	      40.46	       9.59	      48.36	      37.78	
 2015/03/24	   17.01	   17.27	   16.02	   16.84	      181979776	      16.04	      15.33	      14.97	      13.76	 1819797.75	 1314947.25	 1005832.00	      42.65	       7.28	      54.78	      42.63	
 2015/03/25	   16.86	   17.11	   16.38	   16.57	      102793400	      16.25	      15.57	      15.06	      13.83	 1027934.00	 1310988.75	 1068553.63	      36.71	       6.27	      59.36	      47.41	
 2015/03/26	   16.40	   16.46	   15.94	   16.00	       90410512	      16.32	      15.75	      15.12	      13.90	  904105.13	 1227603.25	 1115228.75	      32.24	      14.01	      53.66	      49.20	
 2015/03/27	   16.00	   16.28	   15.91	   16.17	       55321704	      16.41	      15.92	      15.18	      13.97	  553217.06	 1137827.25	 1125185.63	      29.78	      13.56	      49.02	      49.15	
 2015/03/30	   16.16	   16.48	   16.11	   16.38	       74745008	      16.39	      16.06	      15.24	      14.04	  747450.06	 1010499.19	 1096915.25	      31.75	      12.46	      47.48	      48.67	
 2015/03/31	   16.47	   16.84	   16.31	   16.41	       87993040	      16.31	      16.17	      15.33	      14.11	  879930.38	  822528.00	 1068737.63	      36.01	      11.00	      49.12	      48.80	
 2015/04/01	   16.42	   17.12	   16.30	   16.95	       96848064	      16.38	      16.32	      15.44	      14.19	  968480.63	  810636.81	 1060812.75	      35.69	       9.08	      52.06	      49.73	
 2015/04/02	   17.30	   17.33	   16.51	   16.83	       95026112	      16.55	      16.43	      15.57	      14.28	  950261.13	  819865.63	 1023734.38	      34.00	       7.57	      55.36	      51.34	
 2015/04/03	   16.71	   17.29	   16.60	   17.08	       91002736	      16.73	      16.57	      15.72	      14.37	  910027.38	  891228.81	 1014528.00	      29.26	       6.51	      57.71	      53.16	
 2015/04/07	   17.20	   17.90	   17.06	   17.60	      116121312	      16.97	      16.68	      15.88	      14.46	 1161213.13	  973984.00	  992241.63	      36.36	       5.44	      62.35	      55.79	
 2015/04/08	   17.55	   17.70	   16.71	   16.93	      110761344	      17.08	      16.69	      16.01	      14.54	 1107613.50	 1019520.00	  921024.00	      29.74	      10.90	      57.79	      56.36	
 2015/04/09	   16.88	   17.05	   15.81	   16.48	      106593728	      16.98	      16.68	      16.12	      14.62	 1065937.25	 1039011.19	  924824.00	      23.54	      23.76	      41.41	      52.09	
 2015/04/10	   16.49	   17.90	   16.40	   17.59	      146176432	      17.14	      16.84	      16.29	      14.72	 1461764.38	 1141312.00	  980588.81	      31.00	      18.40	      36.87	      47.74	
 2015/04/13	   17.60	   19.35	   17.45	   18.86	      173518432	      17.49	      17.11	      16.52	      14.83	 1735184.38	 1306342.38	 1098785.63	      42.23	      13.84	      40.80	      45.76	
 2015/04/14	   18.50	   18.80	   17.98	   18.33	      113891736	      17.64	      17.31	      16.68	      14.95	 1138917.38	 1301881.63	 1137932.75	      37.29	      12.22	      43.61	      45.14	
 2015/04/15	   18.29	   18.29	   17.50	   17.52	       75390304	      17.76	      17.42	      16.79	      15.04	  753903.06	 1231139.25	 1125329.63	      33.08	      17.37	      40.05	      43.69	
 2015/04/16	   17.49	   18.47	   17.32	   18.31	       81292288	      18.12	      17.55	      16.93	      15.14	  812922.88	 1180537.63	 1109774.38	      28.03	      14.72	      37.50	      41.92	
 2015/04/17	   18.31	   18.65	   17.90	   18.26	       91763328	      18.26	      17.70	      17.07	      15.23	  917633.25	 1071712.00	 1106512.00	      27.61	      13.20	      36.88	      40.48	
 2015/04/20	   18.00	   18.00	   17.05	   17.16	      117536912	      17.92	      17.70	      17.14	      15.30	 1175369.13	  959750.38	 1133046.38	      23.16	      22.39	      26.82	      36.58	
 2015/04/21	   17.18	   17.99	   17.18	   17.85	       79487256	      17.82	      17.73	      17.21	      15.40	  794872.56	  890940.81	 1096411.25	      20.54	      19.86	      19.64	      31.74	
 2015/04/22	   17.90	   18.55	   17.90	   18.25	       94918408	      17.97	      17.86	      17.28	      15.47	  949184.06	  929996.81	 1080568.00	      26.44	      17.89	      19.54	      28.25	
 2015/04/23	   18.47	   18.48	   17.78	   18.16	       77608192	      17.94	      18.03	      17.36	      15.55	  776081.94	  922627.19	 1051582.38	      23.72	      17.81	      18.02	      25.33	
 2015/04/24	   17.91	   19.98	   17.80	   19.97	      186625456	      18.28	      18.27	      17.55	      15.65	 1866254.50	 1112352.00	 1092032.00	      35.87	      13.01	      26.24	      25.59	
 2015/04/27	   20.00	   20.41	   19.53	   19.98	      166670704	      18.84	      18.38	      17.75	      15.76	 1666707.00	 1210620.75	 1085185.63	      37.32	      11.56	      33.80	      27.93	
 2015/04/28	   19.80	   19.95	   18.68	   18.88	      104585256	      19.05	      18.43	      17.87	      15.84	 1045852.56	 1260816.00	 1075878.38	      31.36	      20.16	      30.35	      28.63	
 2015/04/29	   18.94	   20.77	   18.91	   20.77	      122212224	      19.55	      18.76	      18.09	      15.94	 1222122.25	 1315404.75	 1122700.75	      33.90	      15.90	      32.01	      29.59	
 2015/04/30	   21.00	   21.90	   20.35	   20.42	      172482048	      20.00	      18.97	      18.26	      16.05	 1724820.50	 1505152.00	 1213889.63	      40.40	      13.25	      37.32	      31.80	
 2015/05/04	   20.43	   20.97	   19.70	   20.40	       90738376	      20.09	      19.18	      18.44	      16.15	  907383.75	 1313379.25	 1212865.63	      34.90	      18.41	      35.50	      32.86	
 2015/05/05	   20.48	   20.60	   19.48	   19.74	       81598104	      20.04	      19.44	      18.57	      16.26	  815981.06	 1143232.00	 1176926.38	      30.66	      18.56	      32.38	      32.72	
 2015/05/06	   20.00	   21.20	   19.90	   20.24	      117327744	      20.31	      19.68	      18.70	      16.37	 1173277.50	 1168716.75	 1214766.38	      32.27	      15.69	      33.00	      32.80	
 2015/05/07	   19.89	   20.18	   19.50	   19.75	       76756000	      20.11	      19.83	      18.85	      16.47	  767560.00	 1077804.75	 1196604.75	      29.59	      18.87	      29.89	      31.97	
 2015/05/08	   20.22	   20.85	   20.01	   20.75	      113364896	      20.18	      20.09	      19.06	      16.59	 1133649.00	  959571.19	 1232361.63	      33.49	      16.52	      31.05	      31.71	
 2015/05/11	   20.95	   22.50	   20.50	   22.42	      155967472	      20.58	      20.33	      19.30	      16.73	 1559674.75	 1090028.75	 1201704.00	      43.65	      13.10	      37.56	      33.38	
 2015/05/12	   22.23	   22.54	   21.55	   22.07	      123070056	      21.05	      20.54	      19.46	      16.86	 1230700.50	 1172969.63	 1158100.75	      39.46	      11.71	      42.32	      35.93	
 2015/05/13	   22.00	   23.47	   21.64	   22.77	      123657520	      21.55	      20.93	      19.68	      17.01	 1236575.25	 1185632.00	 1177174.38	      41.55	       9.56	      48.11	      39.41	
 2015/05/14	   22.88	   23.26	   22.31	   23.17	       88957032	      22.24	      21.17	      19.97	      17.15	  889570.31	 1210032.00	 1143918.38	      37.42	       8.61	      52.25	      43.08	
 2015/05/15	   23.00	   23.00	   22.00	   22.06	       96338112	      22.50	      21.34	      20.15	      17.28	  963381.13	 1175980.75	 1067776.00	      32.79	      10.82	      51.72	      45.55	
 2015/05/18	   21.85	   22.59	   21.70	   21.89	       77190560	      22.39	      21.49	      20.33	      17.39	  771905.63	 1018425.63	 1054227.25	      29.58	      13.06	      48.01	      46.25	
 2015/05/19	   22.19	   23.08	   21.86	   23.01	       86265536	      22.58	      21.81	      20.63	      17.53	  862655.38	  944819.19	 1058894.38	      31.00	      11.31	      47.59	      46.63	
 2015/05/20	   23.30	   24.20	   22.70	   22.83	      116851944	      22.59	      22.07	      20.88	      17.65	 1168519.50	  931206.38	 1058419.25	      37.98	       9.50	      51.13	      47.92	
 2015/05/21	   22.82	   24.20	   22.75	   24.00	      104857656	      22.76	      22.50	      21.16	      17.80	 1048576.50	  963008.00	 1086520.00	      32.23	       8.06	      53.66	      49.56	
 2015/05/22	   24.60	   24.80	   23.23	   23.97	      112163976	      23.14	      22.82	      21.45	      17.96	 1121639.75	  994659.19	 1085320.00	      33.18	       6.78	      57.20	      51.74	
 2015/05/25	   23.73	   24.67	   23.51	   24.28	      101424608	      23.62	      23.01	      21.67	      18.12	 1014246.06	 1043126.38	 1030776.00	      29.22	       5.97	      59.73	      54.03	
 2015/05/26	   26.00	   26.71	   25.41	   26.71	       62665320	      24.36	      23.47	      22.01	      18.31	  626653.19	  995926.38	  970372.81	      41.48	       4.63	      65.50	      57.30	
 2015/05/27	   29.20	   29.38	   28.50	   29.38	      192562592	      25.67	      24.13	      22.53	      18.55	 1925625.88	 1147350.38	 1039278.38	      54.42	       3.61	      71.80	      61.44	
 2015/05/28	   30.00	   30.37	   27.02	   27.31	      231915248	      26.33	      24.54	      22.86	      18.76	 2319152.50	 1401465.63	 1182236.75	      41.22	      13.45	      65.80	      62.69	
 2015/05/29	   27.98	   29.80	   27.00	   28.78	      194012784	      27.29	      25.22	      23.28	      18.99	 1940127.88	 1565161.63	 1279910.38	      33.41	      11.03	      61.38	      62.32	
 2015/06/01	   28.77	   31.66	   28.38	   31.66	      120372136	      28.77	      26.19	      23.84	      19.28	 1203721.38	 1603056.00	 1323091.25	      38.16	       8.78	      61.73	      62.15	
 2015/06/02	   33.20	   34.18	   31.51	   32.56	      178569984	      29.94	      27.15	      24.48	      19.59	 1785699.88	 1834867.25	 1415396.75	      47.20	       7.37	      64.94	      62.95	
 2015/06/03	   32.40	   32.62	   30.81	   31.74	      121509256	      30.41	      28.04	      25.06	      19.88	 1215092.50	 1692758.38	 1420054.38	      41.93	      10.87	      63.20	      63.02	
 2015/06/04	   32.00	   32.62	   28.57	   30.78	      153286496	      31.10	      28.72	      25.61	      20.15	 1532865.00	 1535500.75	 1468483.25	      32.54	      20.82	      51.42	      59.70	
 2015/06/05	   31.50	   31.65	   29.35	   30.14	      123323392	      31.38	      29.33	      26.08	      20.42	 1233233.88	 1394121.63	 1479641.63	      28.38	      18.15	      43.01	      54.93	
 2015/06/08	   30.09	   30.10	   28.33	   29.60	      121405032	      30.96	      29.87	      26.44	      20.68	 1214050.38	 1396188.75	 1499622.38	      25.43	      22.13	      32.70	      48.58	
 2015/06/09	   29.40	   31.59	   28.89	   30.72	      111016512	      30.60	      30.27	      26.87	      20.95	 1110165.13	 1261078.38	 1547972.75	      29.95	      18.77	      29.92	      43.25	
 2015/06/10	   30.45	   32.00	   30.00	   31.25	      118179704	      30.50	      30.45	      27.29	      21.22	 1181797.00	 1254422.38	 1473590.38	      28.86	      16.61	      29.07	      39.20	
 2015/06/11	   31.29	   31.48	   30.00	   30.40	       88027304	      30.42	      30.76	      27.65	      21.47	  880273.06	 1123904.00	 1329702.38	      26.28	      15.13	      28.46	      36.13	
 2015/06/12	   30.47	   31.50	   30.40	   30.45	       86482560	      30.48	      30.93	      28.07	      21.72	  864825.63	 1050220.75	 1222171.25	      24.54	      14.05	      28.10	      33.83	
 2015/06/15	   30.49	   30.70	   28.82	   29.02	       92860904	      30.37	      30.67	      28.43	      21.94	  928609.06	  993132.81	 1194660.75	      21.52	      22.66	      20.81	      30.11	
 2015/06/16	   28.70	   29.57	   28.10	   28.57	       75606864	      29.94	      30.27	      28.71	      22.16	  756068.63	  922316.81	 1091697.63	      19.37	      25.29	      18.65	      26.84	
 2015/06/17	   29.45	   29.59	   27.78	   29.19	       71411296	      29.53	      30.01	      29.03	      22.37	  714112.94	  828777.63	 1041600.00	      16.96	      24.35	      18.43	      24.44	
 2015/06/18	   29.19	   29.67	   27.88	   27.94	       59209344	      29.03	      29.73	      29.22	      22.55	  592093.44	  771142.38	  947523.19	      15.41	      21.32	      17.76	      22.53	
 2015/06/19	   27.40	   27.48	   25.15	   25.15	       79946856	      27.97	      29.23	      29.28	      22.70	  799468.56	  758070.38	  904145.63	      12.59	      35.30	      26.23	      23.59	
 2015/06/23	   25.02	   25.24	   22.64	   23.86	      141336928	      26.94	      28.66	      29.26	      22.83	 1413369.25	  855024.00	  924078.38	      10.53	      45.35	      36.54	      27.29	
 2015/06/24	   24.18	   25.28	   23.80	   24.68	      103075448	      26.16	      28.05	      29.16	      22.97	 1030754.50	  909958.38	  916137.63	       9.77	      40.94	      43.67	      31.97	
 2015/06/25	   24.81	   25.95	   24.01	   24.68	      104535584	      25.26	      27.39	      28.92	      23.11	 1045355.81	  976208.00	  902492.81	      12.94	      35.69	      44.55	      35.56	
 2015/06/26	   23.90	   24.16	   22.21	   22.21	       89899082	      24.12	      26.58	      28.67	      23.21	  898990.81	 1037587.19	  904364.81	      10.89	      41.58	      48.54	      39.27	
